<?xml version="1.0"?>
<opencv_storage>
<calibration_Time>"11/19/13 11:45:10"</calibration_Time>
<nrOfFrames>5</nrOfFrames>
<image_Width>768</image_Width>
<image_Height>576</image_Height>
<board_Width>9</board_Width>
<board_Height>6</board_Height>
<square_Size>50.</square_Size>
<FixAspectRatio>1.</FixAspectRatio>
<!-- flags:  +fix_aspectRatio +fix_principal_point +zero_tangent_dist -->
<flagValue>14</flagValue>
<Camera_Matrix type_id="opencv-matrix">
  <rows>3</rows>
  <cols>3</cols>
  <dt>d</dt>
  <data>
    7.4924543364694614e+002 0. 3.8350000000000000e+002 0.
    7.4924543364694614e+002 2.8750000000000000e+002 0. 0. 1.</data></Camera_Matrix>
<Distortion_Coefficients type_id="opencv-matrix">
  <rows>5</rows>
  <cols>1</cols>
  <dt>d</dt>
  <data>
    1.7913685870343418e-001 -1.4857462233689298e+000 0. 0.
    3.4674448450140472e+000</data></Distortion_Coefficients>
<Avg_Reprojection_Error>4.6728321842444853e-001</Avg_Reprojection_Error>
<Per_View_Reprojection_Errors type_id="opencv-matrix">
  <rows>5</rows>
  <cols>1</cols>
  <dt>f</dt>
  <data>
    3.07191372e-001 2.49118879e-001 8.45712245e-001 3.50720197e-001
    3.11620623e-001</data></Per_View_Reprojection_Errors>
<!-- a set of 6-tuples (rotation vector + translation vector) for each view -->
<Extrinsic_Parameters type_id="opencv-matrix">
  <rows>5</rows>
  <cols>6</cols>
  <dt>d</dt>
  <data>
    2.8411974530105556e-002 -7.2976125776504563e-001
    -3.0515192669722704e+000 2.0264962462263438e+002
    1.9243664955450600e+002 7.2917931108130676e+002
    4.3223618637130076e-002 9.4526485298233809e-001
    2.9649703256113069e+000 1.8681160784751293e+002
    2.6204994463595409e+002 8.9234908552682668e+002
    -1.2878367456214138e-002 -3.6768291254635943e-001
    -3.1172449448024113e+000 2.0304168385322924e+002
    1.2435774889270421e+002 5.2265167964829072e+002
    -6.4500244257699457e-001 6.8557580906326487e-001
    1.5202443510942873e+000 1.3012164822907653e+002
    -8.7963040656065118e+001 9.2563793376371416e+002
    -8.6559866996861290e-001 5.7486021580724543e-002
    3.8452078195861613e-003 -2.1525092755393734e+002
    -4.0709466039684186e+000 8.7341328809783931e+002</data></Extrinsic_Parameters>
<Image_points type_id="opencv-matrix">
  <rows>5</rows>
  <cols>54</cols>
  <dt>"2f"</dt>
  <data>
    5.92612610e+002 4.86383728e+002 5.41422241e+002 4.86365173e+002
    4.89958282e+002 4.86127289e+002 4.38240326e+002 4.86144196e+002
    3.86324097e+002 4.85816284e+002 3.34298248e+002 4.85579712e+002
    2.81979095e+002 4.85600983e+002 2.29532349e+002 4.85503265e+002
    1.77288712e+002 4.85308411e+002 5.86685303e+002 4.35702148e+002
    5.36614807e+002 4.35607391e+002 4.86641205e+002 4.35261078e+002
    4.36498749e+002 4.34687378e+002 3.86304352e+002 4.34458374e+002
    3.35691193e+002 4.34345978e+002 2.85219696e+002 4.34481140e+002
    2.34350494e+002 4.34515381e+002 1.83591110e+002 4.34447449e+002
    5.80637634e+002 3.88235809e+002 5.32133118e+002 3.87511475e+002
    4.83466217e+002 3.87053650e+002 4.34719696e+002 3.86461700e+002
    3.86230530e+002 3.86213043e+002 3.37459656e+002 3.85929169e+002
    2.88398682e+002 3.86299927e+002 2.38999237e+002 3.86357239e+002
    1.89488785e+002 3.86098541e+002 5.75182556e+002 3.42697754e+002
    5.27564026e+002 3.42505066e+002 4.80459259e+002 3.41990570e+002
    4.33391083e+002 3.41608154e+002 3.86131439e+002 3.41289154e+002
    3.38671326e+002 3.40719788e+002 2.91230865e+002 3.40512573e+002
    2.43202194e+002 3.40449280e+002 1.95262024e+002 3.40395325e+002
    5.69534973e+002 3.00555847e+002 5.23501770e+002 3.00263336e+002
    4.77595062e+002 2.99720123e+002 4.31819824e+002 2.99476044e+002
    3.85994171e+002 2.98905121e+002 3.40225342e+002 2.98379425e+002
    2.94001221e+002 2.98432892e+002 2.47462753e+002 2.98208160e+002
    2.00664810e+002 2.97569275e+002 5.64558777e+002 2.60322632e+002
    5.19697266e+002 2.59863373e+002 4.75251312e+002 2.59481934e+002
    4.30543610e+002 2.59321014e+002 3.86028503e+002 2.58639038e+002
    3.41475586e+002 2.58424835e+002 2.96522186e+002 2.57720886e+002
    2.51322174e+002 2.57511353e+002 2.05850800e+002 2.56867004e+002
    5.40992126e+002 5.08671844e+002 4.98814453e+002 5.10222076e+002
    4.56801178e+002 5.11425262e+002 4.14592957e+002 5.12918823e+002
    3.72535583e+002 5.14370361e+002 3.30551483e+002 5.15433594e+002
    2.88624786e+002 5.16943481e+002 2.46633774e+002 5.18338013e+002
    2.04898056e+002 5.19443542e+002 5.35477356e+002 4.68602234e+002
    4.94483734e+002 4.70038330e+002 4.53675781e+002 4.71231720e+002
    4.12910095e+002 4.72451660e+002 3.72246490e+002 4.73577087e+002
    3.31463013e+002 4.75111816e+002 2.90733551e+002 4.76625488e+002
    2.50112640e+002 4.78220642e+002 2.09644226e+002 4.79541626e+002
    5.30110596e+002 4.30811615e+002 4.90334686e+002 4.31840149e+002
    4.50734222e+002 4.33114380e+002 4.11308472e+002 4.34083923e+002
    3.71670898e+002 4.35445770e+002 3.32445709e+002 4.36761475e+002
    2.92928009e+002 4.38541565e+002 2.53450317e+002 4.40125671e+002
    2.14106384e+002 4.41477692e+002 5.24935242e+002 3.95043823e+002
    4.86298706e+002 3.96312103e+002 4.47953094e+002 3.97394684e+002
    4.09620483e+002 3.98581696e+002 3.71445343e+002 3.99733734e+002
    3.33333588e+002 4.01009705e+002 2.94886810e+002 4.02452850e+002
    2.56554108e+002 4.03852448e+002 2.18422806e+002 4.05449036e+002
    5.19971985e+002 3.61655670e+002 4.82463928e+002 3.62692993e+002
    4.45328247e+002 3.64086823e+002 4.08277954e+002 3.65376465e+002
    3.71128143e+002 3.66503967e+002 3.34060181e+002 3.67475830e+002
    2.97027405e+002 3.69227570e+002 2.59800049e+002 3.70574829e+002
    2.22562012e+002 3.71681122e+002 5.15423401e+002 3.29782776e+002
    4.78999084e+002 3.31156067e+002 4.43001953e+002 3.32335724e+002
    4.06708405e+002 3.33572205e+002 3.70700287e+002 3.34722870e+002
    3.34770081e+002 3.36010834e+002 2.98806152e+002 3.37320740e+002
    2.62637024e+002 3.38566284e+002 2.26508545e+002 3.39773499e+002
    6.74765198e+002 4.66369537e+002 6.03508545e+002 4.66827271e+002
    5.31817688e+002 4.66992889e+002 4.59538513e+002 4.66761841e+002
    3.87490021e+002 4.66610474e+002 3.15597260e+002 4.66529388e+002
    2.43691238e+002 4.66505035e+002 1.71788834e+002 4.66378235e+002
    1.00800140e+002 4.65805420e+002 6.69405151e+002 3.94134644e+002
    5.99224976e+002 3.94323486e+002 5.28793945e+002 3.94075317e+002
    4.58286224e+002 3.93662415e+002 3.87838165e+002 3.93562744e+002
    3.17764252e+002 3.93499146e+002 2.47433395e+002 3.93712769e+002
    1.77076584e+002 3.93873505e+002 1.07628975e+002 3.93763977e+002
    6.63600769e+002 3.24572052e+002 5.94975220e+002 3.24372681e+002
    5.25735596e+002 3.24173584e+002 4.56872864e+002 3.23757843e+002
    3.88264160e+002 3.23721161e+002 3.19732666e+002 3.23733063e+002
    2.51247910e+002 3.24136841e+002 1.82241638e+002 3.24330109e+002
    1.13898636e+002 3.24329193e+002 6.58285645e+002 2.57711365e+002
    5.90601135e+002 2.57709930e+002 5.22932190e+002 2.57634216e+002
    4.55575867e+002 2.57711975e+002 3.88524902e+002 2.57542847e+002
    3.21629364e+002 2.57439087e+002 2.54375549e+002 2.57421753e+002
    1.86761658e+002 2.57372620e+002 1.20066628e+002 2.57532440e+002
    6.52447327e+002 1.94375061e+002 5.86507080e+002 1.94152817e+002
    5.20390625e+002 1.94335388e+002 4.54474060e+002 1.94496231e+002
    3.88857269e+002 1.94455048e+002 3.23421234e+002 1.94065536e+002
    2.57695557e+002 1.94320770e+002 1.91845078e+002 1.94269333e+002
    1.26402138e+002 1.94056030e+002 6.47182251e+002 1.32966858e+002
    5.82641113e+002 1.32809586e+002 5.18307983e+002 1.32696777e+002
    4.53558350e+002 1.33111603e+002 3.89311218e+002 1.33114792e+002
    3.25180939e+002 1.33075592e+002 2.60663269e+002 1.32780029e+002
    1.96366913e+002 1.32954163e+002 1.32400238e+002 1.32933990e+002
    4.89438660e+002 2.16132141e+002 4.91485840e+002 2.41342850e+002
    4.93573853e+002 2.68532440e+002 4.95919037e+002 2.98462097e+002
