<?xml version="1.0"?>
<opencv_storage>
<CornersAmount>48</CornersAmount>
<Corner_0>
  291 342</Corner_0>
<Corner_1>
  301 346</Corner_1>
<Corner_2>
  310 350</Corner_2>
<Corner_3>
  319 354</Corner_3>
<Corner_4>
  330 358</Corner_4>
<Corner_5>
  341 362</Corner_5>
<Corner_6>
  351 368</Corner_6>
<Corner_7>
  364 371</Corner_7>
<Corner_8>
  281 347</Corner_8>
<Corner_9>
  290 349</Corner_9>
<Corner_10>
  301 354</Corner_10>
<Corner_11>
  309 358</Corner_11>
<Corner_12>
  321 363</Corner_12>
<Corner_13>
  330 367</Corner_13>
<Corner_14>
  342 370</Corner_14>
<Corner_15>
  352 377</Corner_15>
<Corner_16>
  269 350</Corner_16>
<Corner_17>
  282 355</Corner_17>
<Corner_18>
  290 359</Corner_18>
<Corner_19>
  300 363</Corner_19>
<Corner_20>
  309 367</Corner_20>
<Corner_21>
  320 371</Corner_21>
<Corner_22>
  330 376</Corner_22>
<Corner_23>
  342 381</Corner_23>
<Corner_24>
  260 354</Corner_24>
<Corner_25>
  268 358</Corner_25>
<Corner_26>
  278 362</Corner_26>
<Corner_27>
  287 367</Corner_27>
<Corner_28>
  298 372</Corner_28>
<Corner_29>
  308 376</Corner_29>
<Corner_30>
  319 381</Corner_30>
<Corner_31>
  332 386</Corner_31>
<Corner_32>
  248 358</Corner_32>
<Corner_33>
  257 362</Corner_33>
<Corner_34>
  266 366</Corner_34>
<Corner_35>
  276 372</Corner_35>
<Corner_36>
  287 377</Corner_36>
<Corner_37>
  296 382</Corner_37>
<Corner_38>
  307 387</Corner_38>
<Corner_39>
  320 392</Corner_39>
<Corner_40>
  237 362</Corner_40>
<Corner_41>
  246 366</Corner_41>
<Corner_42>
  255 370</Corner_42>
<Corner_43>
  263 376</Corner_43>
<Corner_44>
  273 381</Corner_44>
<Corner_45>
  285 388</Corner_45>
<Corner_46>
  298 393</Corner_46>
<Corner_47>
  309 399</Corner_47>
</opencv_storage>
