<?xml version="1.0"?>
<opencv_storage>
<CornersAmount>48</CornersAmount>
<Corner_0>
  362 370</Corner_0>
<Corner_1>
  353 376</Corner_1>
<Corner_2>
  341 381</Corner_2>
<Corner_3>
  331 386</Corner_3>
<Corner_4>
  318 392</Corner_4>
<Corner_5>
  307 398</Corner_5>
<Corner_6>
  352 366</Corner_6>
<Corner_7>
  341 371</Corner_7>
<Corner_8>
  331 376</Corner_8>
<Corner_9>
  320 381</Corner_9>
<Corner_10>
  308 386</Corner_10>
<Corner_11>
  296 393</Corner_11>
<Corner_12>
  340 363</Corner_12>
<Corner_13>
  331 367</Corner_13>
<Corner_14>
  319 371</Corner_14>
<Corner_15>
  308 376</Corner_15>
<Corner_16>
  296 381</Corner_16>
<Corner_17>
  284 387</Corner_17>
<Corner_18>
  330 358</Corner_18>
<Corner_19>
  319 362</Corner_19>
<Corner_20>
  309 367</Corner_20>
<Corner_21>
  297 371</Corner_21>
<Corner_22>
  286 376</Corner_22>
<Corner_23>
  273 381</Corner_23>
<Corner_24>
  320 355</Corner_24>
<Corner_25>
  309 359</Corner_25>
<Corner_26>
  298 362</Corner_26>
<Corner_27>
  288 367</Corner_27>
<Corner_28>
  275 372</Corner_28>
<Corner_29>
  264 376</Corner_29>
<Corner_30>
  311 350</Corner_30>
<Corner_31>
  299 354</Corner_31>
<Corner_32>
  289 358</Corner_32>
<Corner_33>
  277 362</Corner_33>
<Corner_34>
  266 366</Corner_34>
<Corner_35>
  253 371</Corner_35>
<Corner_36>
  298 347</Corner_36>
<Corner_37>
  290 350</Corner_37>
<Corner_38>
  278 354</Corner_38>
<Corner_39>
  268 358</Corner_39>
<Corner_40>
  256 362</Corner_40>
<Corner_41>
  245 366</Corner_41>
<Corner_42>
  292 343</Corner_42>
<Corner_43>
  281 347</Corner_43>
<Corner_44>
  270 350</Corner_44>
<Corner_45>
  259 354</Corner_45>
<Corner_46>
  248 357</Corner_46>
<Corner_47>
  236 362</Corner_47>
</opencv_storage>
