<?xml version="1.0"?>
<opencv_storage>
<CameraMatrix type_id="opencv-matrix">
  <rows>3</rows>
  <cols>3</cols>
  <dt>f</dt>
  <data>
    4.97464020e+002 0. 3.21500000e+002 0. 4.97464020e+002
    2.42500000e+002 0. 0. 1.</data></CameraMatrix>
<DistortionCoeffs type_id="opencv-matrix">
  <rows>5</rows>
  <cols>1</cols>
  <dt>f</dt>
  <data>
    -3.72261018e-001 2.26457760e-001 -1.82924175e-003 2.02026102e-003
    -9.80452970e-002</data></DistortionCoeffs>
<RotationValues type_id="opencv-matrix">
  <rows>3</rows>
  <cols>1</cols>
  <dt>f</dt>
  <data>
    5.47586858e-001 -1.95683849e+000 2.56978536e+000</data></RotationValues>
<TranslationValues type_id="opencv-matrix">
  <rows>3</rows>
  <cols>1</cols>
  <dt>f</dt>
  <data>
    1.37074509e+002 1.11966028e+003 3.89195532e+003</data></TranslationValues>
</opencv_storage>
