<?xml version="1.0"?>
<opencv_storage>
<CameraMatrix type_id="opencv-matrix">
  <rows>3</rows>
  <cols>3</cols>
  <dt>f</dt>
  <data>
    4.9746401180372993e+002 0. 3.2150000000000000e+002 0.
    4.9746401180372993e+002 2.4250000000000000e+002 0. 0. 1.
  </data>
</CameraMatrix>
<DistortionCoeffs type_id="opencv-matrix">
  <rows>5</rows>
  <cols>1</cols>
  <dt>f</dt>
  <data>
 -3.7226102726277188e-001 2.2645776162035858e-001
    -1.8292418043873919e-003 2.0202609022283453e-003
    -9.8045297200860970e-002
  </data>
</DistortionCoeffs>
</opencv_storage>
