<?xml version="1.0"?>
<opencv_storage>
<CameraMatrix type_id="opencv-matrix">
  <rows>3</rows>
  <cols>3</cols>
  <dt>f</dt>
  <data>
4.8949001046458278e+002 0. 3.2150000000000000e+002 0.
    4.8949001046458278e+002 2.4250000000000000e+002 0. 0. 1.
  </data>
</CameraMatrix>
<DistortionCoeffs type_id="opencv-matrix">
  <rows>5</rows>
  <cols>1</cols>
  <dt>f</dt>
  <data>
 -3.5174730803537940e-001 1.5643469482005079e-001
    -1.0600426722646237e-003 9.5079493895672620e-004
    -3.6576108924167607e-002
  </data>
</DistortionCoeffs>
</opencv_storage>
