<?xml version="1.0"?>
<opencv_storage>
<CornersAmount>48</CornersAmount>
<Corner_0>
  435 371</Corner_0>
<Corner_1>
  436 381</Corner_1>
<Corner_2>
  439 394</Corner_2>
<Corner_3>
  441 405</Corner_3>
<Corner_4>
  444 419</Corner_4>
<Corner_5>
  446 433</Corner_5>
<Corner_6>
  415 370</Corner_6>
<Corner_7>
  418 381</Corner_7>
<Corner_8>
  418 392</Corner_8>
<Corner_9>
  421 405</Corner_9>
<Corner_10>
  421 418</Corner_10>
<Corner_11>
  424 433</Corner_11>
<Corner_12>
  397 370</Corner_12>
<Corner_13>
  397 381</Corner_13>
<Corner_14>
  398 393</Corner_14>
<Corner_15>
  398 404</Corner_15>
<Corner_16>
  399 418</Corner_16>
<Corner_17>
  400 432</Corner_17>
<Corner_18>
  377 368</Corner_18>
<Corner_19>
  377 380</Corner_19>
<Corner_20>
  377 391</Corner_20>
<Corner_21>
  377 404</Corner_21>
<Corner_22>
  377 417</Corner_22>
<Corner_23>
  377 431</Corner_23>
<Corner_24>
  357 368</Corner_24>
<Corner_25>
  357 379</Corner_25>
<Corner_26>
  356 391</Corner_26>
<Corner_27>
  355 403</Corner_27>
<Corner_28>
  354 417</Corner_28>
<Corner_29>
  353 431</Corner_29>
<Corner_30>
  338 367</Corner_30>
<Corner_31>
  336 378</Corner_31>
<Corner_32>
  335 389</Corner_32>
<Corner_33>
  332 402</Corner_33>
<Corner_34>
  331 415</Corner_34>
<Corner_35>
  329 430</Corner_35>
<Corner_36>
  317 366</Corner_36>
<Corner_37>
  316 376</Corner_37>
<Corner_38>
  313 388</Corner_38>
<Corner_39>
  311 400</Corner_39>
<Corner_40>
  308 414</Corner_40>
<Corner_41>
  306 427</Corner_41>
<Corner_42>
  299 365</Corner_42>
<Corner_43>
  295 375</Corner_43>
<Corner_44>
  293 386</Corner_44>
<Corner_45>
  289 399</Corner_45>
<Corner_46>
  286 412</Corner_46>
<Corner_47>
  282 426</Corner_47>
</opencv_storage>
