<?xml version="1.0"?>
<opencv_storage>
<CornersAmount>48</CornersAmount>
<Corner_0>
  298 365</Corner_0>
<Corner_1>
  317 367</Corner_1>
<Corner_2>
  338 368</Corner_2>
<Corner_3>
  356 368</Corner_3>
<Corner_4>
  376 369</Corner_4>
<Corner_5>
  397 370</Corner_5>
<Corner_6>
  415 370</Corner_6>
<Corner_7>
  435 371</Corner_7>
<Corner_8>
  295 376</Corner_8>
<Corner_9>
  315 377</Corner_9>
<Corner_10>
  337 378</Corner_10>
<Corner_11>
  356 379</Corner_11>
<Corner_12>
  376 380</Corner_12>
<Corner_13>
  399 381</Corner_13>
<Corner_14>
  416 381</Corner_14>
<Corner_15>
  440 382</Corner_15>
<Corner_16>
  293 388</Corner_16>
<Corner_17>
  314 389</Corner_17>
<Corner_18>
  333 391</Corner_18>
<Corner_19>
  356 392</Corner_19>
<Corner_20>
  377 392</Corner_20>
<Corner_21>
  397 392</Corner_21>
<Corner_22>
  420 393</Corner_22>
<Corner_23>
  441 393</Corner_23>
<Corner_24>
  288 400</Corner_24>
<Corner_25>
  310 402</Corner_25>
<Corner_26>
  332 403</Corner_26>
<Corner_27>
  356 404</Corner_27>
<Corner_28>
  377 404</Corner_28>
<Corner_29>
  398 405</Corner_29>
<Corner_30>
  422 406</Corner_30>
<Corner_31>
  443 406</Corner_31>
<Corner_32>
  285 413</Corner_32>
<Corner_33>
  309 413</Corner_33>
<Corner_34>
  332 415</Corner_34>
<Corner_35>
  355 417</Corner_35>
<Corner_36>
  376 418</Corner_36>
<Corner_37>
  400 418</Corner_37>
<Corner_38>
  423 420</Corner_38>
<Corner_39>
  443 419</Corner_39>
<Corner_40>
  284 426</Corner_40>
<Corner_41>
  304 430</Corner_41>
<Corner_42>
  328 431</Corner_42>
<Corner_43>
  353 431</Corner_43>
<Corner_44>
  377 431</Corner_44>
<Corner_45>
  400 434</Corner_45>
<Corner_46>
  425 433</Corner_46>
<Corner_47>
  446 434</Corner_47>
</opencv_storage>
