<?xml version="1.0"?>
<opencv_storage>
<CameraMatrix type_id="opencv-matrix">
  <rows>3</rows>
  <cols>3</cols>
  <dt>f</dt>
  <data>
    4.89490021e+002 0. 3.21500000e+002 0. 4.89490021e+002
    2.42500000e+002 0. 0. 1.</data></CameraMatrix>
<DistortionCoeffs type_id="opencv-matrix">
  <rows>5</rows>
  <cols>1</cols>
  <dt>f</dt>
  <data>
    -3.51747304e-001 1.56434700e-001 -1.06004265e-003 9.50794958e-004
    -3.65761071e-002</data></DistortionCoeffs>
<RotationValues type_id="opencv-matrix">
  <rows>3</rows>
  <cols>1</cols>
  <dt>f</dt>
  <data>
    1.99422792e-001 -1.75603521e+000 2.39170718e+000</data></RotationValues>
<TranslationValues type_id="opencv-matrix">
  <rows>3</rows>
  <cols>1</cols>
  <dt>f</dt>
  <data>
    5.54001770e+002 7.55898987e+002 2.28745898e+003</data></TranslationValues>
</opencv_storage>
