%YAML:1.0
calibration_time: "11/16/13 17:12:04"
nframes: 2
image_width: 768
image_height: 576
board_width: 9
board_height: 6
square_size: 2.5000000000000000e-001
flags: 0
camera_matrix: !!opencv-matrix
   rows: 3
   cols: 3
   dt: d
   data: [ 7.5867768174742503e+002, 0., 3.8853362441200022e+002, 0.,
       7.6379373178153423e+002, 2.9329740028934975e+002, 0., 0., 1. ]
distortion_coefficients: !!opencv-matrix
   rows: 5
   cols: 1
   dt: d
   data: [ 1.8210327017373704e-001, -1.2775995548351233e+000,
       3.9846337206515337e-003, -4.4747526882416483e-004,
       1.9074311545841383e+000 ]
avg_reprojection_error: 1.7318999751518338e-001
per_view_reprojection_errors: !!opencv-matrix
   rows: 2
   cols: 1
   dt: f
   data: [ 1.81923375e-001, 1.63992181e-001 ]
# a set of 6-tuples (rotation vector + translation vector) for each view
extrinsic_parameters: !!opencv-matrix
   rows: 2
   cols: 6
   dt: d
   data: [ 3.4454909343359194e-002, -7.3933147974913882e-001,
       -3.0502746246044032e+000, 9.8892219683532301e-001,
       9.2695997141409603e-001, 3.7026125767311675e+000,
       3.0288211588157633e-002, 9.5038972594768412e-001,
       2.9628560388250635e+000, 9.0474805222673460e-001,
       1.2676050757783419e+000, 4.5401102747473567e+000 ]
image_points: !!opencv-matrix
   rows: 2
   cols: 54
   dt: "2f"
   data: [ 5.92612610e+002, 4.86383728e+002, 5.41422241e+002,
       4.86365173e+002, 4.89958282e+002, 4.86127289e+002,
       4.38240326e+002, 4.86144196e+002, 3.86324097e+002,
       4.85816284e+002, 3.34298248e+002, 4.85579712e+002,
       2.81979095e+002, 4.85600983e+002, 2.29532349e+002,
       4.85503265e+002, 1.77288712e+002, 4.85308411e+002,
       5.86685303e+002, 4.35702148e+002, 5.36614807e+002,
       4.35607391e+002, 4.86641205e+002, 4.35261078e+002,
       4.36498749e+002, 4.34687378e+002, 3.86304352e+002,
       4.34458374e+002, 3.35691193e+002, 4.34345978e+002,
       2.85219696e+002, 4.34481140e+002, 2.34350494e+002,
       4.34515381e+002, 1.83591110e+002, 4.34447449e+002,
       5.80637634e+002, 3.88235809e+002, 5.32133118e+002,
       3.87511475e+002, 4.83466217e+002, 3.87053650e+002,
       4.34719696e+002, 3.86461700e+002, 3.86230530e+002,
       3.86213043e+002, 3.37459656e+002, 3.85929169e+002,
       2.88398682e+002, 3.86299927e+002, 2.38999237e+002,
       3.86357239e+002, 1.89488785e+002, 3.86098541e+002,
       5.75182556e+002, 3.42697754e+002, 5.27564026e+002,
       3.42505066e+002, 4.80459259e+002, 3.41990570e+002,
       4.33391083e+002, 3.41608154e+002, 3.86131439e+002,
       3.41289154e+002, 3.38671326e+002, 3.40719788e+002,
       2.91230865e+002, 3.40512573e+002, 2.43202194e+002,
       3.40449280e+002, 1.95262024e+002, 3.40395325e+002,
       5.69534973e+002, 3.00555847e+002, 5.23501770e+002,
       3.00263336e+002, 4.77595062e+002, 2.99720123e+002,
       4.31819824e+002, 2.99476044e+002, 3.85994171e+002,
       2.98905121e+002, 3.40225342e+002, 2.98379425e+002,
       2.94001221e+002, 2.98432892e+002, 2.47462753e+002,
       2.98208160e+002, 2.00664810e+002, 2.97569275e+002,
       5.64558777e+002, 2.60322632e+002, 5.19697266e+002,
       2.59863373e+002, 4.75251312e+002, 2.59481934e+002,
       4.30543610e+002, 2.59321014e+002, 3.86028503e+002,
       2.58639038e+002, 3.41475586e+002, 2.58424835e+002,
       2.96522186e+002, 2.57720886e+002, 2.51322174e+002,
       2.57511353e+002, 2.05850800e+002, 2.56867004e+002,
       5.40992126e+002, 5.08671844e+002, 4.98814453e+002,
       5.10222076e+002, 4.56801178e+002, 5.11425262e+002,
       4.14592957e+002, 5.12918823e+002, 3.72535583e+002,
       5.14370361e+002, 3.30551483e+002, 5.15433594e+002,
       2.88624786e+002, 5.16943481e+002, 2.46633774e+002,
       5.18338013e+002, 2.04898056e+002, 5.19443542e+002,
       5.35477356e+002, 4.68602234e+002, 4.94483734e+002,
       4.70038330e+002, 4.53675781e+002, 4.71231720e+002,
       4.12910095e+002, 4.72451660e+002, 3.72246490e+002,
       4.73577087e+002, 3.31463013e+002, 4.75111816e+002,
       2.90733551e+002, 4.76625488e+002, 2.50112640e+002,
       4.78220642e+002, 2.09644226e+002, 4.79541626e+002,
       5.30110596e+002, 4.30811615e+002, 4.90334686e+002,
       4.31840149e+002, 4.50734222e+002, 4.33114380e+002,
       4.11308472e+002, 4.34083923e+002, 3.71670898e+002,
       4.35445770e+002, 3.32445709e+002, 4.36761475e+002,
       2.92928009e+002, 4.38541565e+002, 2.53450317e+002,
       4.40125671e+002, 2.14106384e+002, 4.41477692e+002,
       5.24935242e+002, 3.95043823e+002, 4.86298706e+002,
       3.96312103e+002, 4.47953094e+002, 3.97394684e+002,
       4.09620483e+002, 3.98581696e+002, 3.71445343e+002,
       3.99733734e+002, 3.33333588e+002, 4.01009705e+002,
       2.94886810e+002, 4.02452850e+002, 2.56554108e+002,
       4.03852448e+002, 2.18422806e+002, 4.05449036e+002,
       5.19971985e+002, 3.61655670e+002, 4.82463928e+002,
       3.62692993e+002, 4.45328247e+002, 3.64086823e+002,
       4.08277954e+002, 3.65376465e+002, 3.71128143e+002,
       3.66503967e+002, 3.34060181e+002, 3.67475830e+002,
       2.97027405e+002, 3.69227570e+002, 2.59800049e+002,
       3.70574829e+002, 2.22562012e+002, 3.71681122e+002,
       5.15423401e+002, 3.29782776e+002, 4.78999084e+002,
       3.31156067e+002, 4.43001953e+002, 3.32335724e+002,
       4.06708405e+002, 3.33572205e+002, 3.70700287e+002,
       3.34722870e+002, 3.34770081e+002, 3.36010834e+002,
       2.98806152e+002, 3.37320740e+002, 2.62637024e+002,
       3.38566284e+002, 2.26508545e+002, 3.39773499e+002 ]
