<?xml version="1.0"?>
<opencv_storage>
<CameraMatrix type_id="opencv-matrix">
  <rows>3</rows>
  <cols>3</cols>
  <dt>f</dt>
  <data>
   4.9644167637327558e+002 0. 3.2150000000000000e+002 0.
    4.9644167637327558e+002 2.4250000000000000e+002 0. 0. 1.
  </data>
</CameraMatrix>
<DistortionCoeffs type_id="opencv-matrix">
  <rows>5</rows>
  <cols>1</cols>
  <dt>f</dt>
  <data>
   -3.5809595926676169e-001 1.8973957346627801e-001
    -3.0909078930589627e-003 1.1961089707454603e-003
    -5.1869749780229596e-002
  </data>
</DistortionCoeffs>
</opencv_storage>
