<?xml version="1.0"?>
<opencv_storage>
<CornersAmount>48</CornersAmount>
<Corner_0>
  395 293</Corner_0>
<Corner_1>
  405 296</Corner_1>
<Corner_2>
  416 300</Corner_2>
<Corner_3>
  426 304</Corner_3>
<Corner_4>
  437 308</Corner_4>
<Corner_5>
  448 312</Corner_5>
<Corner_6>
  386 296</Corner_6>
<Corner_7>
  397 301</Corner_7>
<Corner_8>
  407 304</Corner_8>
<Corner_9>
  418 308</Corner_9>
<Corner_10>
  428 312</Corner_10>
<Corner_11>
  440 316</Corner_11>
<Corner_12>
  378 301</Corner_12>
<Corner_13>
  387 304</Corner_13>
<Corner_14>
  398 308</Corner_14>
<Corner_15>
  408 312</Corner_15>
<Corner_16>
  420 316</Corner_16>
<Corner_17>
  431 320</Corner_17>
<Corner_18>
  367 304</Corner_18>
<Corner_19>
  378 307</Corner_19>
<Corner_20>
  388 312</Corner_20>
<Corner_21>
  400 316</Corner_21>
<Corner_22>
  410 320</Corner_22>
<Corner_23>
  424 325</Corner_23>
<Corner_24>
  359 308</Corner_24>
<Corner_25>
  368 312</Corner_25>
<Corner_26>
  380 316</Corner_26>
<Corner_27>
  390 320</Corner_27>
<Corner_28>
  402 325</Corner_28>
<Corner_29>
  413 329</Corner_29>
<Corner_30>
  348 311</Corner_30>
<Corner_31>
  360 316</Corner_31>
<Corner_32>
  368 320</Corner_32>
<Corner_33>
  382 324</Corner_33>
<Corner_34>
  391 329</Corner_34>
<Corner_35>
  405 335</Corner_35>
<Corner_36>
  339 316</Corner_36>
<Corner_37>
  348 320</Corner_37>
<Corner_38>
  360 324</Corner_38>
<Corner_39>
  369 329</Corner_39>
<Corner_40>
  382 334</Corner_40>
<Corner_41>
  393 339</Corner_41>
<Corner_42>
  327 320</Corner_42>
<Corner_43>
  338 323</Corner_43>
<Corner_44>
  347 329</Corner_44>
<Corner_45>
  359 334</Corner_45>
<Corner_46>
  370 339</Corner_46>
<Corner_47>
  383 345</Corner_47>
</opencv_storage>
