<?xml version="1.0"?>
<opencv_storage>
<CornersAmount>48</CornersAmount>
<Corner_0>
  328 320</Corner_0>
<Corner_1>
  339 316</Corner_1>
<Corner_2>
  349 311</Corner_2>
<Corner_3>
  359 308</Corner_3>
<Corner_4>
  368 304</Corner_4>
<Corner_5>
  376 300</Corner_5>
<Corner_6>
  387 297</Corner_6>
<Corner_7>
  398 293</Corner_7>
<Corner_8>
  341 324</Corner_8>
<Corner_9>
  351 320</Corner_9>
<Corner_10>
  359 317</Corner_10>
<Corner_11>
  371 312</Corner_11>
<Corner_12>
  377 308</Corner_12>
<Corner_13>
  388 305</Corner_13>
<Corner_14>
  400 302</Corner_14>
<Corner_15>
  405 297</Corner_15>
<Corner_16>
  352 327</Corner_16>
<Corner_17>
  361 324</Corner_17>
<Corner_18>
  372 320</Corner_18>
<Corner_19>
  380 316</Corner_19>
<Corner_20>
  390 312</Corner_20>
<Corner_21>
  401 307</Corner_21>
<Corner_22>
  409 304</Corner_22>
<Corner_23>
  417 300</Corner_23>
<Corner_24>
  361 335</Corner_24>
<Corner_25>
  370 330</Corner_25>
<Corner_26>
  382 324</Corner_26>
<Corner_27>
  391 321</Corner_27>
<Corner_28>
  400 316</Corner_28>
<Corner_29>
  410 311</Corner_29>
<Corner_30>
  417 307</Corner_30>
<Corner_31>
  427 304</Corner_31>
<Corner_32>
  373 339</Corner_32>
<Corner_33>
  382 335</Corner_33>
<Corner_34>
  392 329</Corner_34>
<Corner_35>
  404 324</Corner_35>
<Corner_36>
  413 321</Corner_36>
<Corner_37>
  421 316</Corner_37>
<Corner_38>
  429 311</Corner_38>
<Corner_39>
  440 307</Corner_39>
<Corner_40>
  385 346</Corner_40>
<Corner_41>
  397 340</Corner_41>
<Corner_42>
  407 333</Corner_42>
<Corner_43>
  417 328</Corner_43>
<Corner_44>
  427 324</Corner_44>
<Corner_45>
  434 321</Corner_45>
<Corner_46>
  442 316</Corner_46>
<Corner_47>
  451 312</Corner_47>
</opencv_storage>
