<?xml version="1.0"?>
<opencv_storage>
<CornersAmount>48</CornersAmount>
<Corner_0>
  300 320</Corner_0>
<Corner_1>
  316 320</Corner_1>
<Corner_2>
  332 320</Corner_2>
<Corner_3>
  348 320</Corner_3>
<Corner_4>
  363 320</Corner_4>
<Corner_5>
  379 320</Corner_5>
<Corner_6>
  300 328</Corner_6>
<Corner_7>
  316 328</Corner_7>
<Corner_8>
  333 328</Corner_8>
<Corner_9>
  348 328</Corner_9>
<Corner_10>
  365 328</Corner_10>
<Corner_11>
  381 328</Corner_11>
<Corner_12>
  299 335</Corner_12>
<Corner_13>
  317 335</Corner_13>
<Corner_14>
  333 335</Corner_14>
<Corner_15>
  351 335</Corner_15>
<Corner_16>
  366 335</Corner_16>
<Corner_17>
  383 335</Corner_17>
<Corner_18>
  299 343</Corner_18>
<Corner_19>
  316 343</Corner_19>
<Corner_20>
  333 343</Corner_20>
<Corner_21>
  352 343</Corner_21>
<Corner_22>
  368 343</Corner_22>
<Corner_23>
  386 343</Corner_23>
<Corner_24>
  298 352</Corner_24>
<Corner_25>
  316 352</Corner_25>
<Corner_26>
  335 352</Corner_26>
<Corner_27>
  353 352</Corner_27>
<Corner_28>
  371 351</Corner_28>
<Corner_29>
  387 351</Corner_29>
<Corner_30>
  298 360</Corner_30>
<Corner_31>
  317 360</Corner_31>
<Corner_32>
  335 360</Corner_32>
<Corner_33>
  355 360</Corner_33>
<Corner_34>
  372 360</Corner_34>
<Corner_35>
  391 360</Corner_35>
<Corner_36>
  298 370</Corner_36>
<Corner_37>
  316 370</Corner_37>
<Corner_38>
  337 370</Corner_38>
<Corner_39>
  355 370</Corner_39>
<Corner_40>
  375 369</Corner_40>
<Corner_41>
  393 369</Corner_41>
<Corner_42>
  296 380</Corner_42>
<Corner_43>
  318 380</Corner_43>
<Corner_44>
  336 381</Corner_44>
<Corner_45>
  357 380</Corner_45>
<Corner_46>
  375 380</Corner_46>
<Corner_47>
  397 378</Corner_47>
</opencv_storage>
