<?xml version="1.0"?>
<opencv_storage>
<CameraMatrix type_id="opencv-matrix">
  <rows>3</rows>
  <cols>3</cols>
  <dt>f</dt>
  <data>
    4.96441681e+002 0. 3.21500000e+002 0. 4.96441681e+002
    2.42500000e+002 0. 0. 1.</data></CameraMatrix>
<DistortionCoeffs type_id="opencv-matrix">
  <rows>5</rows>
  <cols>1</cols>
  <dt>f</dt>
  <data>
    -3.58095974e-001 1.89739570e-001 -3.09090782e-003 1.19610899e-003
    -5.18697500e-002</data></DistortionCoeffs>
<RotationValues type_id="opencv-matrix">
  <rows>3</rows>
  <cols>1</cols>
  <dt>f</dt>
  <data>
    -1.44216371e+000 -9.90947247e-001 1.02892756e+000</data></RotationValues>
<TranslationValues type_id="opencv-matrix">
  <rows>3</rows>
  <cols>1</cols>
  <dt>f</dt>
  <data>
    1.07821358e+002 7.97492493e+002 5.17126270e+003</data></TranslationValues>
</opencv_storage>
